-2.568424
-2.377292
-2.172887
-2.378091
-2.131521
-2.023401
-2.189531
-2.269560
-2.537155
-2.441587
-2.547499
-2.328282
-2.082631
-2.422718
-2.507889
-2.172510
-2.203816
-2.075757
-2.361121
-0.650103
-2.403618
-2.435491
-2.205397
-2.038942
-2.446334
-2.417233
-2.042881
-0.858664
-2.104426
-2.402753
-2.014220
-2.304408
-2.544847
-2.155329
-2.540525
-2.145940
-2.005309
-0.965434
-2.441296
-2.458567
-2.171488
-2.045085
-2.188680
-2.368969
-2.531511
-2.383766
-2.042486
-2.079577
-2.425595
-2.224494
-2.200616
-2.543451
-2.364742
-2.462502
-2.452371
-2.220000
-2.531231
-2.259962
-2.525594
-2.510750
-2.187528
-2.565440
-2.135373
-2.534435
-2.076051
-2.154937
-2.283132
-2.140071
-2.383860
-2.361830
-2.153431
-2.356104
-2.157848
-2.449184
-2.187090
-2.549641
-2.180601
-2.203400
-2.022907
-2.360758
-2.230663
-2.037367
-2.390170
-2.237167
-2.268681
-2.035866
-2.037757
-2.273871
-2.178106
-2.511469
-2.547618
-2.322200
-2.391585
-2.063302
-2.397221
-2.285748
-2.284339
-2.052749
-2.179721
-2.570797
-2.091583
-2.429680
-2.523751
-2.348757
-2.342990
-2.024872
-2.089879
-2.063391
-2.485013
-2.522261
-2.262431
-2.353001
-2.314204
-2.108599
-2.174429
-2.570492
-2.328220
-2.099682
-2.479493
-2.294238
-2.362309
-2.408432
-2.216722
-2.201461
-2.234919
-2.224329
-2.199328
-2.516177
-2.199171
-2.502171
-2.196301
-2.548497
-2.641866
-2.042251
-0.706934
-2.062004
-2.598073
-2.032607
-2.059955
-2.229724
-2.242095
-2.260452
-2.024454
-2.522493
-2.050016
-2.370394
-2.335643
-2.161968
-2.160067
-2.318481
-2.454402
-2.681267
-2.147143
-2.414611
-2.127011
-2.550290
-2.495816
-2.219651
-2.340443
-2.162742
-2.199961
-2.310607
-2.163468
-2.188282
-0.554570
-2.467994
-2.163862
-2.442084
-2.555134
-2.416633
-2.056911
-2.536827
-2.488045
-2.517511
-2.124487
-2.350962
-2.377577
-2.073225
0.406246
-2.506005
-2.036723
-2.189079
-2.221172
-2.399215
-2.388263
-2.355002
-2.008102
-2.508126
-2.257121
-2.317683
-2.280080
-2.447234
-2.038834
-2.467084
-2.313993
-2.175378
