0.048502
-0.010078
-0.137624
-0.056160
-0.010720
0.056752
0.021212
-0.149691
0.083386
-0.056822
-0.009735
-0.014339
0.054534
-0.079114
0.090945
-0.054731
0.030386
0.001297
-0.072925
-0.066102
-0.003899
-0.016497
0.065501
-0.025315
-0.005426
0.006156
-0.010086
-0.008719
0.000752
0.054232
-0.012303
-0.071794
0.074348
-0.003479
0.038412
-0.073565
0.047211
-0.082200
0.017959
-0.029377
-0.027835
0.087522
-0.063491
0.106303
-0.008648
0.132058
-0.045063
-0.022417
0.119659
0.066867
-0.068373
-0.043036
-0.088797
0.027252
-0.122556
0.064791
-0.021973
-0.013038
-0.010329
-0.042631
-0.007329
0.017018
-0.012006
0.062785
-0.044927
0.055190
-0.090329
0.116060
0.064082
0.021029
-0.005381
-0.106554
0.097453
-0.018860
0.092546
-0.053181
-0.004820
0.144521
-0.040207
0.084034
-0.027930
0.017018
-0.093607
-0.039566
0.095078
0.063800
-0.002807
-0.002666
0.037159
-0.000029
-0.037143
0.035720
-0.014444
0.021090
-0.011006
0.088509
0.091424
0.035098
-0.047031
0.013024
