0.023129
0.023129
0.023129
0.023129
0.023129
0.023129
0.023129
0.023129
0.023129
0.023129
0.023129
0.023129
0.023129
0.023129
0.023129
0.023129
0.023129
0.023129
0.023129
0.023129
0.023129
0.023129
0.023129
0.023129
0.023129
0.023129
0.023129
0.023129
0.023129
0.023129
0.023129
0.023129
0.023129
0.023129
0.023129
0.023129
0.023129
0.023129
0.023129
0.023129
0.023129
0.023129
0.023129
0.023129
0.023129
0.023129
0.023129
0.023129
0.023129
0.023129
0.023129
0.023129
0.023129
0.023129
0.023129
0.023129
0.023129
0.023129
0.023129
0.023129
0.023129
0.023129
0.023129
0.023129
0.023129
0.023129
0.023129
0.023129
0.023129
0.023129
0.023129
0.023129
0.023129
0.023129
0.023129
0.023129
0.023129
0.023129
0.023129
0.023129
0.023129
0.023129
0.023129
0.023129
0.023129
0.023129
0.023129
0.023129
0.023129
0.023129
0.023129
0.023129
0.023129
0.023129
0.023129
0.023129
0.023129
0.023129
0.023129
0.023129
0.023129
0.023129
0.023129
0.023129
0.023129
0.023129
0.023129
0.023129
0.023129
0.023129
0.023129
0.023129
0.023129
0.023129
0.023129
0.023129
0.023129
0.023129
0.023129
0.023129
0.023129
0.023129
0.023129
0.023129
0.023129
0.023129
0.023129
0.023129
0.023129
0.023129
0.023129
0.023129
0.023129
0.023129
0.023129
0.023129
0.023129
0.023129
0.023129
0.023129
0.023129
0.023129
0.023129
0.023129
0.023129
0.023129
0.023129
0.023129
0.023129
0.023129
0.023129
0.023129
0.023129
0.023129
0.023129
0.023129
0.023129
0.023129
0.023129
0.023129
0.023129
0.023129
0.023129
0.023129
0.023129
0.023129
0.023129
0.023129
0.023129
0.023129
0.023129
0.023129
0.023129
0.023129
0.023129
0.023129
0.023129
0.023129
0.023129
0.023129
0.023129
0.023129
0.023129
0.023130
0.023131
0.023131
0.023129
0.023202
0.023296
0.023173
0.023129
0.023129
0.023129
0.023129
0.023129
0.023129
0.023129
0.023129
0.023129
0.023129
0.023129
0.023129
0.023129
0.023129
0.023129
0.023129
0.023129
0.023129
0.023129
0.023129
0.023130
0.023131
0.023131
0.023206
0.023247
0.023346
0.023350
0.023332
0.023129
0.023129
0.023129
0.023129
0.023129
0.023129
0.023129
0.023129
0.023129
0.023129
0.023129
0.023129
0.023130
0.023161
0.023203
0.023216
0.023260
0.023260
0.023230
0.023144
0.023131
0.023131
0.023158
0.023323
0.023350
0.023350
0.023355
0.023351
0.023139
0.023129
0.023129
0.023129
0.023129
0.023129
0.023129
0.023129
0.023129
0.023129
0.023129
0.023254
0.023286
0.023300
0.023298
0.023292
0.023293
0.023274
0.023294
0.023263
0.023144
0.023131
0.023301
0.023351
0.023350
0.023251
0.023371
0.023360
0.023148
0.023132
0.023129
0.023129
0.023129
0.023129
0.023129
0.023129
0.023129
0.023129
0.023136
0.023261
0.023295
0.023205
0.023152
0.023152
0.023152
0.023139
0.023166
0.023288
0.023263
0.023175
0.023337
0.023352
0.023350
0.023325
0.023371
0.023328
0.023150
0.023148
0.023129
0.023129
0.023129
0.023129
0.023129
0.023129
0.023129
0.023129
0.023160
0.023323
0.023370
0.023272
0.023131
0.023131
0.023131
0.023130
0.023133
0.023226
0.023308
0.023249
0.023346
0.023352
0.023350
0.023350
0.023364
0.023223
0.023150
0.023150
0.023129
0.023129
0.023129
0.023129
0.023129
0.023129
0.023129
0.023129
0.023238
0.023372
0.023364
0.023238
0.023129
0.023129
0.023129
0.023129
0.023143
0.023198
0.023314
0.023288
0.023370
0.023354
0.023350
0.023350
0.023317
0.023150
0.023150
0.023150
0.023129
0.023129
0.023129
0.023129
0.023129
0.023129
0.023129
0.023129
0.023250
0.023372
0.023363
0.023174
0.023129
0.023129
0.023129
0.023129
0.023138
0.023152
0.023308
0.023321
0.023374
0.023355
0.023350
0.023315
0.023168
0.023150
0.023150
0.023150
0.023129
0.023129
0.023129
0.023129
0.023129
0.023129
0.023129
0.023129
0.023282
0.023371
0.023232
0.023133
0.023129
0.023129
0.023129
0.023129
0.023138
0.023150
0.023310
0.023341
0.023374
0.023360
0.023325
0.023158
0.023130
0.023147
0.023150
0.023146
0.023129
0.023129
0.023129
0.023129
0.023129
0.023129
0.023129
0.023129
0.023294
0.023371
0.023184
0.023146
0.023129
0.023129
0.023129
0.023129
0.023153
0.023161
0.023310
0.023406
0.023389
0.023397
0.023331
0.023146
0.023146
0.023151
0.023150
0.023138
0.023129
0.023129
0.023129
0.023129
0.023129
0.023129
0.023129
0.023129
0.023282
0.023372
0.023201
0.023166
0.023145
0.023145
0.023189
0.023197
0.023290
0.023363
0.023470
0.023539
0.023538
0.023536
0.023489
0.023308
0.023301
0.023277
0.023211
0.023145
0.023129
0.023129
0.023129
0.023129
0.023129
0.023129
0.023129
0.023129
0.023290
0.023362
0.023488
0.023333
0.023307
0.023292
0.023355
0.023475
0.023524
0.023517
0.023467
0.023365
0.023437
0.023463
0.023415
0.023284
0.023295
0.023299
0.023314
0.023277
0.023149
0.023129
0.023129
0.023129
0.023129
0.023129
0.023129
0.023129
0.023138
0.023289
0.023432
0.023437
0.023433
0.023431
0.023402
0.023401
0.023323
0.023240
0.023145
0.023131
0.023277
0.023359
0.023321
0.023150
0.023153
0.023158
0.023260
0.023294
0.023274
0.023129
0.023129
0.023129
0.023129
0.023129
0.023129
0.023129
0.023129
0.023143
0.023166
0.023271
0.023304
0.023304
0.023230
0.023185
0.023151
0.023134
0.023131
0.023131
0.023202
0.023353
0.023306
0.023134
0.023148
0.023148
0.023206
0.023208
0.023148
0.023129
0.023129
0.023129
0.023129
0.023129
0.023129
0.023129
0.023129
0.023131
0.023131
0.023131
0.023145
0.023149
0.023140
0.023140
0.023136
0.023131
0.023131
0.023131
0.023145
0.023315
0.023340
0.023184
0.023129
0.023129
0.023129
0.023129
0.023129
0.023129
0.023129
0.023129
0.023129
0.023129
0.023129
0.023129
0.023129
0.023129
0.023129
0.023130
0.023129
0.023129
0.023129
0.023129
0.023129
0.023129
0.023129
0.023129
0.023129
0.023267
0.023338
0.023199
0.023129
0.023129
0.023129
0.023129
0.023129
0.023129
0.023129
0.023129
0.023129
0.023129
0.023129
0.023129
0.023129
0.023129
0.023129
0.023129
0.023129
0.023129
0.023129
0.023129
0.023129
0.023129
0.023129
0.023129
0.023129
0.023138
0.023302
0.023199
0.023129
0.023129
0.023129
0.023129
0.023129
0.023129
0.023129
0.023129
0.023129
0.023129
0.023129
0.023129
0.023129
0.023129
0.023129
0.023129
0.023129
0.023129
0.023129
0.023129
0.023129
0.023129
0.023129
0.023129
0.023129
0.023150
0.023313
0.023199
0.023129
0.023129
0.023129
0.023129
0.023129
0.023129
0.023129
0.023129
0.023129
0.023129
0.023129
0.023129
0.023129
0.023129
0.023129
0.023129
0.023129
0.023129
0.023129
0.023129
0.023129
0.023129
0.023129
0.023129
0.023129
0.023164
0.023324
0.023194
0.023129
0.023129
0.023129
0.023129
0.023129
0.023129
0.023129
0.023129
0.023129
0.023129
0.023129
0.023129
0.023129
0.023129
0.023129
0.023129
0.023129
0.023129
0.023129
0.023129
0.023129
0.023129
0.023129
0.023129
0.023129
0.023188
0.023241
0.023129
0.023129
0.023129
0.023129
0.023129
0.023129
0.023129
0.023129
0.023129
0.023129
0.023129
0.023129
0.023129
0.023129
0.023129
0.023129
0.023129
0.023129
0.023129
0.023129
0.023129
0.023129
0.023129
0.023129
0.023129
0.023129
0.023129
0.023129
0.023129
0.023129
0.023129
0.023129
0.023129
0.023129
0.023129
0.023129
0.023129
0.023129
0.023129
0.023129
0.023129
0.023129
0.023129
0.023129
0.023129
0.023129
0.023129
0.023129
0.023129
0.023129
0.023129
0.023129
0.023129
0.023129
0.023129
0.023129
0.023129
0.023129
0.023129
0.023129
0.023129
0.023129
0.023129
0.023129
0.023129
