-0.636662
-0.718844
-0.782553
-0.725897
-0.761904
-0.817106
-0.707817
-0.697784
-0.785197
-0.573902
-0.771480
-0.879249
-0.755426
-0.431430
-0.686117
-0.580877
-0.713794
-0.626132
-0.626172
-0.577585
-0.493745
-0.985997
-0.804543
-0.634909
-0.694767
-0.603547
-0.794517
-0.701328
-0.756147
-0.680275
-0.663021
-0.616918
-0.501722
-0.582029
-0.824681
-0.540403
-0.677331
-1.027837
-0.714314
-0.597915
-0.688520
-0.494136
-0.673766
-0.713527
-0.744091
-0.803150
-0.670022
-0.364229
-0.845279
-0.824038
-0.729449
-0.322338
-0.845240
-0.566327
-0.545163
-0.821342
-0.856901
-0.657290
-0.749905
-0.794412
-0.824628
-0.792607
-0.934523
-0.873911
-0.672845
-0.909112
-1.031012
-0.737915
-0.949978
-0.777993
-0.651934
-0.624698
-0.647434
-0.664006
-0.773512
-0.650584
-0.728853
-0.849058
-0.795418
-0.722893
-0.700250
-0.734166
-0.700953
-0.447393
-0.745771
-0.702506
-0.558193
-0.718041
-0.762152
-0.730248
-0.711547
-0.727730
-0.789448
-0.495918
-0.647374
-0.667614
-0.493795
-0.609786
-0.596107
-0.844748
-0.710210
-0.568616
-0.778622
-0.463180
-0.770629
-0.419352
-0.655041
-0.726709
-0.717363
-0.614252
-0.892961
-0.933679
-0.924898
-0.581019
-0.589830
-0.880384
-0.728468
-0.924728
-0.687399
-0.565550
-0.566585
-0.748675
-0.656314
-0.622612
-0.595112
-0.786269
-0.652179
-0.481107
-0.664206
-0.637187
-0.743415
-0.800172
-0.716711
-0.603988
-0.929074
-0.728541
-0.828425
-0.666475
-0.563712
-0.619614
-0.807855
-0.764941
-0.718855
-0.548148
-0.540285
-0.657034
-0.596291
-0.587153
-0.429029
-0.390132
-0.572236
-0.452748
-0.433802
-0.818276
-0.596512
-0.800408
-0.728285
-0.542874
-0.434147
-0.341527
-0.733223
-0.572189
-0.857827
-0.812240
-0.493448
-0.774592
-0.586450
-0.611043
-0.452614
-0.671791
-1.005216
-0.860784
-0.786299
-0.634351
-0.692015
-0.825902
-0.232626
-0.440549
-0.465858
-0.518461
-0.692721
-0.464499
-0.277200
-0.309689
-0.536406
-0.543950
-0.271256
-0.437869
-0.681591
-0.728492
-0.700464
-0.566245
-0.599614
-0.493427
-0.654404
-0.628857
-0.868877
-0.775168
-0.823211
-0.914147
-0.859566
-0.681336
-0.762346
-0.522915
-0.363343
-0.464919
-0.496726
-0.527804
-0.604269
-0.539285
-0.757542
-0.665546
-0.495399
-0.392275
-0.636828
-0.143736
-0.158136
-0.291623
-0.652674
-0.453344
-0.689990
-0.704047
-0.903587
-0.540698
-0.608917
-0.665289
-0.574649
-0.766640
-0.679109
-0.594835
-0.515775
-0.488495
-0.353794
-0.364869
-0.629006
-0.309888
-0.332260
-0.262878
-0.308413
-0.626447
-0.558314
-0.547812
-0.440115
-0.248568
-0.290816
-0.469096
-0.333062
-0.831639
-0.673468
-0.874097
-0.973244
-0.706112
-0.541466
-0.578034
-0.505394
-0.631085
-0.494820
-0.214874
-0.464692
-0.074894
-0.422553
-0.501346
-0.424344
-0.355441
-0.280885
-0.030246
-0.416049
-0.235708
-0.431241
-0.432444
-0.494625
-0.475918
-0.464015
-0.285850
-0.328660
-0.589877
-0.385566
-0.638551
-0.790424
-0.677877
-0.969679
-0.657771
-0.613583
-0.651105
-0.541579
-0.231388
0.005941
-0.021782
-0.179150
-0.446864
-0.227816
-0.271215
0.139990
-0.002438
-0.100244
-0.293840
-0.367757
-0.291442
-0.511772
-0.444362
-0.217850
-0.056012
0.141562
-0.278265
-0.539612
-0.704069
-0.542679
-0.682309
-0.567599
-0.736874
-0.793770
-0.628682
-0.620823
-0.155795
0.181653
0.045862
0.021472
-0.118295
-0.209488
-0.007269
-0.061039
-0.070747
0.016991
-0.264192
-0.270308
-0.467306
-0.476936
-0.478815
0.104535
0.064798
0.192558
0.169823
-0.572470
-0.551155
-0.559291
-0.653137
-0.625107
-0.596159
-0.601204
-0.394802
-0.311079
0.484068
0.159771
-0.364096
0.013051
0.135201
-0.336059
-0.049905
-0.060183
0.083335
0.138157
0.081040
-0.247701
-0.113082
-0.417389
-0.465751
-0.011730
0.519132
0.698597
0.219755
-0.342747
-0.707324
-0.484144
-0.581800
-0.705970
-0.641795
-0.688016
-0.858085
-0.182698
0.300996
0.165599
-0.037263
-0.253641
-0.327571
-0.190860
0.208155
0.063748
0.283705
0.176693
0.290552
0.181004
0.003885
-0.042334
-0.023188
0.359344
0.399811
0.377846
0.314703
-0.332741
-0.888342
-0.538691
-0.683519
-0.696821
-0.824541
-0.898720
-0.350530
-0.243606
0.692570
0.626053
0.301180
-0.072281
0.047416
0.126152
-0.046441
0.402351
0.337961
0.482094
0.022701
0.229585
0.153560
0.018037
0.301593
0.474466
0.639527
1.002652
0.215966
-0.352605
-0.733808
-0.811825
-0.716733
-0.897443
-0.873979
-0.492029
-0.555817
-0.046522
0.409624
0.615807
0.017526
0.109480
0.138563
0.150300
0.081888
0.456460
0.255789
0.307511
-0.096761
-0.028835
-0.079617
0.167936
0.024515
0.294809
0.584180
0.392784
-0.271862
-0.364750
-0.759841
-0.815902
-0.616008
-0.680082
-0.787806
-0.649284
-0.535948
-0.441078
0.137096
0.189840
0.148344
0.147912
0.358039
0.246761
-0.018254
0.251943
0.140541
0.184468
0.178292
-0.003216
0.053146
-0.351029
0.455467
0.451955
0.448559
0.209723
-0.199781
-0.534435
-0.495460
-0.595535
-0.783860
-0.317244
-0.461768
-0.580299
-0.512334
-0.282135
-0.239316
0.038354
0.012265
-0.079286
0.065793
-0.286121
0.032064
-0.110392
-0.227029
-0.337771
-0.050830
-0.042643
-0.064707
0.245195
0.024216
0.222249
0.027774
-0.199123
-0.275020
-0.382861
-0.553856
-0.640934
-1.036163
-0.636551
-0.714217
-0.571150
-0.650542
-0.742769
-0.502393
-0.447246
-0.485908
-0.174689
-0.037112
-0.378712
-0.503285
-0.433827
-0.414703
-0.215927
-0.269573
0.007508
0.093430
0.182977
0.041039
-0.180974
-0.321806
-0.319722
-0.268854
-0.740332
-0.724471
-0.521657
-0.649925
-0.719242
-0.537187
-0.861071
-0.482941
-0.720482
-0.336798
-0.541837
-0.659203
-0.587839
-0.581131
-0.658483
-0.463631
-0.285486
-0.224126
-0.398786
-0.176302
-0.067333
-0.244141
-0.279824
0.041660
-0.360294
-0.547912
-0.544609
-0.459295
-0.480090
-0.503247
-0.613184
-0.879318
-0.582299
-0.885723
-0.692526
-0.820615
-0.781519
-0.747618
-0.828452
-0.430218
-0.583490
-0.361022
-0.722598
-0.496689
-0.521235
-0.694306
-0.107684
-0.083072
-0.468740
-0.455864
-0.424338
-0.454131
-0.326706
-0.365993
-0.385582
-0.733524
-0.456538
-0.691435
-0.796057
-0.550899
-0.722601
-0.626668
-0.603289
-0.372715
-0.918991
-0.555258
-0.713477
-0.564968
-0.519000
-0.721773
-0.362746
-0.584975
-0.526816
-0.464436
-0.629100
-0.461028
-0.513032
-0.641620
-0.448363
-0.294552
-0.535241
-0.341555
-0.513884
-0.676780
-0.610272
-0.623946
-0.728612
-0.690498
-0.453837
-0.535452
-0.773967
-0.676944
-0.649149
-0.567530
-0.526056
-0.750510
-0.467817
-0.730307
-0.346066
-0.500310
-0.325926
-0.657510
-0.501278
-0.393484
-0.572553
-0.315701
-0.526581
-0.469050
-0.489616
-0.590939
-0.509364
-0.606882
-0.746484
-0.911772
-0.578511
-0.758552
-0.578655
-0.571435
-0.849766
-0.843949
-0.818996
-0.510441
-0.565075
-0.258113
-0.474743
-0.938517
-0.705095
-0.668576
-0.598338
-0.780087
-0.548115
-0.559532
-0.392387
-0.516932
-0.796089
-0.649544
-0.466514
-0.702537
-0.695447
-0.550390
-0.583167
-0.617287
-0.804314
-0.530724
-0.732562
-0.785760
-0.905922
-0.619936
-0.655397
-0.709134
-0.581961
-0.585482
-0.501526
-0.315745
-0.854046
-0.555993
-0.549186
-0.513146
-0.843824
-0.458881
-0.718578
-0.670910
-0.767934
-0.437044
-0.784748
-0.955019
-0.582158
-0.488144
-0.546907
-0.737707
-0.613849
-0.689499
-0.667737
-0.651031
-0.675874
-0.766801
-0.720472
-0.592166
-0.616519
-0.498793
-0.667587
-0.775631
-0.699159
-0.900327
-0.788157
-0.678983
-0.742869
-0.929277
-0.780926
-0.599185
-0.845636
-0.747442
-0.489924
-0.592139
-0.622506
-0.584652
-0.600746
-0.949291
-0.473367
-0.811063
-0.910532
-0.821327
-0.545851
-0.614296
-0.398574
-0.563009
-0.816313
-0.633373
-0.741124
-0.589502
-0.691779
-0.546950
-0.536949
-0.589987
-0.615405
-0.814019
-0.516076
-0.785573
-0.648103
-0.874821
-0.627925
-0.781518
-0.553593
-0.670147
-0.639216
-0.577644
-0.649082
-0.704349
-0.632281
-0.774671
-0.721384
-0.481064
-0.782861
-0.845235
-0.571289
-0.571291
-0.468408
-0.628021
-0.739021
-0.628505
-0.698268
-0.334962
-0.595971
-0.564039
-0.755496
-0.798376
-0.527472
-0.710759
-0.840589
-0.751350
-0.722941
-0.644929
-0.734630
-0.658832
-0.767503
-0.562912
